444.600 516.980
683.303 967.230
521.007 694.953
439.641 430.761
970.535 670.802
243.608 180.824
465.179 854.339
502.289 708.647
744.595 862.482
748.710 690.256
411.652 818.316
257.502 309.490
354.869 519.818
740.362 991.749
572.347 656.552
774.629 931.010
773.600 798.609
41.572 505.382
852.008 864.015
331.238 523.381
67.444 215.922
746.649 672.172
653.673 86.322
518.200 57.374
624.098 76.730
21.969 528.046
272.793 513.621
906.234 474.239
100.431 442.015
941.541 551.412
406.814 864.559
573.155 246.937
213.817 677.139
58.390 121.454
930.214 394.228
236.212 713.719
81.113 220.753
441.811 895.338
193.066 1.196
205.848 877.568
22.046 696.054
338.533 297.677
944.459 169.414
698.959 606.613
111.219 63.377
573.874 670.045
286.899 392.717
430.522 733.881
76.025 812.973
791.297 719.661
489.832 981.527
265.705 147.397
655.425 523.705
70.355 855.150
567.484 704.684
26.447 277.364
686.977 214.552
817.862 417.915
131.751 923.371
643.451 495.991
781.540 246.883
146.547 958.507
326.797 482.396
762.096 184.670
359.028 26.293
965.904 92.093
541.962 309.181
211.022 587.513
217.704 73.005
691.370 34.533
682.065 40.660
842.329 603.036
840.786 354.302
141.861 665.881
795.535 111.305
252.757 849.080
641.632 47.145
63.195 83.250
668.606 116.442
907.349 981.842
536.737 606.576
994.978 119.168
989.647 420.764
161.920 889.993
931.607 440.610
665.958 222.244
780.712 416.580
736.413 662.243
522.127 487.570
176.607 50.017
852.887 567.518
441.995 285.575
366.761 243.614
548.780 494.699
851.169 947.285
848.117 408.207
288.635 581.641
732.179 436.187
163.076 990.421
681.411 515.171
543.180 188.026
675.630 618.978
42.538 263.588
145.654 507.709
167.120 401.029
374.414 187.322
989.379 468.177
418.766 6.909
650.805 340.740
203.849 414.667
693.452 415.744
332.839 728.070
206.073 813.012
267.894 820.303
848.986 301.652
154.688 351.517
311.993 814.356
44.485 72.094
149.070 286.536
728.076 39.924
208.396 519.277
680.179 466.993
648.018 865.368
905.978 340.261
994.110 312.738
106.617 882.748
834.689 99.052
31.959 395.812
722.699 379.091
876.336 951.600
588.584 12.481
840.907 823.683
653.776 205.349
905.284 532.356
33.302 19.501
262.871 727.454
126.759 487.125
405.179 369.493
897.335 513.626
884.517 743.787
327.509 746.628
591.372 592.322
429.906 874.490
167.032 476.110
608.108 677.396
899.863 976.415
93.440 426.441
942.711 328.366
430.615 65.716
894.992 444.275
815.566 937.743
637.963 158.517
918.134 167.411
145.783 772.025
393.838 419.776
766.820 617.816
141.410 788.156
914.647 552.430
730.956 407.875
748.494 462.561
329.649 21.813
908.209 450.436
579.044 5.420
669.487 487.744
9.281 755.461
85.919 774.770
600.180 487.386
609.264 927.506
341.748 643.257
313.776 908.259
41.714 751.083
511.059 400.555
410.993 421.222
978.683 292.467
389.582 773.991
124.409 159.045
428.125 230.565
897.089 763.528
640.894 252.017
806.509 531.546
267.880 264.425
754.069 753.064
350.754 879.466
520.787 525.182
593.818 720.985
209.249 862.111
215.392 315.778
659.255 935.634
105.574 112.361
114.646 382.305
300.500 688.899
984.898 140.706
768.956 795.292
592.391 47.656
998.170 855.664
713.220 315.111
665.546 747.746
356.812 137.865
480.984 355.350
554.629 441.306
204.361 712.055
806.284 62.272
548.234 784.119
631.297 982.594
442.286 727.858
636.118 471.105
658.935 881.924
284.356 538.950
121.186 691.416
102.925 843.678
5.269 138.351
960.078 52.056
299.500 108.400
737.527 946.061
91.730 865.848
334.726 603.503
983.033 929.690
535.917 206.082
303.349 147.292
830.440 0.244
291.306 882.018
456.376 853.765
638.480 557.975
735.900 497.406
982.545 734.626
216.473 452.208
281.651 352.425
974.486 786.501
558.343 551.464
95.338 70.328
954.070 716.738
838.178 566.208
743.239 368.033
340.088 378.294
230.210 615.501
214.539 966.559
261.910 501.099
520.955 754.587
701.614 698.669
599.938 623.338
909.580 608.103
560.614 918.154
135.645 274.489
102.481 951.038
540.038 848.230
653.603 81.198
382.034 718.739
572.811 528.569
312.086 438.906
134.606 842.163
573.443 235.743
960.857 7.622
995.714 388.391
140.052 73.441
36.621 123.641
431.066 111.533
827.717 279.804
651.576 997.954
658.067 806.089
403.993 52.972
837.601 236.757
231.309 752.309
57.611 740.328
859.526 300.228
987.043 423.508
558.352 67.203
537.861 963.851
700.946 991.874
65.539 951.905
513.277 270.340
971.151 781.208
264.935 945.233
886.908 498.837
531.126 232.949
436.689 933.422
285.593 602.614
605.086 448.950
67.024 465.717
664.591 297.169
812.883 748.938
128.522 453.570
500.239 19.893
26.504 754.477
525.741 4.732
625.390 7.107
822.312 370.019
444.055 660.461
419.079 681.204
394.353 404.724
243.249 401.730
792.796 414.925
735.807 843.702
1.034 292.692
265.594 647.328
856.752 922.231
243.230 54.015
980.900 368.732
384.701 580.513
856.154 436.800
559.605 752.433
579.127 693.115
225.010 748.777
723.615 14.681
649.101 803.592
196.604 3.042
829.148 148.743
266.268 957.225
464.206 667.342
166.103 531.088
133.254 750.644
629.846 546.079
208.580 254.660
92.816 704.145
560.720 161.193
917.466 722.855
375.734 452.739
532.464 41.747
917.519 421.502
541.704 258.832
843.973 483.749
599.179 355.669
820.828 485.812
775.810 406.483
656.585 287.100
826.194 489.303
437.336 50.217
585.767 977.109
324.335 122.227
860.914 344.497
378.690 187.206
884.579 649.467
873.938 653.930
165.013 614.777
138.955 977.444
669.881 951.735
761.616 810.733
502.636 803.600
390.325 137.689
456.157 623.816
344.712 824.220
421.933 882.972
272.279 624.334
871.253 806.923
193.805 300.551
749.513 37.923
653.644 65.404
91.749 83.862
465.467 682.312
906.149 875.770
576.245 119.007
694.850 696.394
498.286 159.770
899.863 385.002
363.337 352.115
624.269 230.056
550.248 898.188
349.959 800.660
734.129 399.651
742.403 676.317
452.390 948.491
642.004 995.454
202.650 600.667
82.241 627.175
508.150 52.239
920.548 588.779
84.672 938.456
357.173 589.764
452.684 343.445
220.187 830.929
232.848 819.342
651.735 296.707
398.559 639.173
461.026 586.285
1.250 998.632
750.242 822.767
923.154 783.882
558.097 208.915
8.430 533.083
97.422 329.119
908.804 181.448
406.325 537.240
972.757 623.114
298.559 26.141
488.094 542.983
221.707 115.817
110.021 745.419
720.792 326.572
309.292 235.169
394.498 555.923
689.462 373.832
461.519 190.611
261.399 468.122
624.368 902.381
300.505 955.550
411.687 81.231
658.432 138.292
80.756 232.303
308.035 210.291
419.517 206.172
813.234 744.482
224.067 509.637
226.452 898.015
516.564 509.121
156.712 197.936
638.395 46.881
495.320 831.212
422.836 120.495
220.754 685.675
713.856 689.558
459.458 833.375
931.537 385.165
789.436 906.250
475.656 30.872
783.355 318.850
280.579 626.359
794.876 507.519
439.734 423.281
153.593 592.930
858.321 252.269
953.937 978.125
388.717 235.398
161.789 37.863
745.211 745.007
303.153 62.788
573.817 541.644
139.125 684.355
864.850 396.663
842.632 784.869
286.544 209.576
641.304 464.971
86.764 121.769
482.698 371.092
2.645 58.497
331.932 113.868
97.756 383.832
151.312 381.292
341.319 472.823
696.025 977.635
230.052 702.741
59.966 234.781
539.011 577.496
365.803 689.760
529.037 724.862
405.552 55.096
516.785 41.865
987.383 625.348
776.392 707.513
69.188 54.367
8.909 968.422
804.279 957.477
812.468 182.545
50.354 432.757
484.228 578.573
539.549 561.388
376.531 643.441
691.432 911.294
81.273 970.104
612.832 93.538
504.521 420.771
632.098 920.740
530.009 801.422
530.546 141.713
591.815 512.422
824.818 837.292
475.074 104.473
224.244 570.041
898.032 540.104
120.757 910.565
767.818 591.671
36.530 716.697
904.239 232.166
846.430 703.917
474.397 920.663
963.138 708.976
352.634 917.803
877.284 996.604
371.120 866.038
372.767 866.242
241.039 521.187
241.092 108.631
585.297 770.092
262.762 891.661
612.249 72.326
169.153 712.121
214.846 921.138
66.476 275.035
593.982 970.820
654.501 770.671
756.699 683.690
461.611 688.961
4.734 391.359
679.410 247.580
838.337 722.094
927.239 628.080
365.720 639.073
181.438 46.534
939.561 121.563
462.299 48.140
450.346 889.087
344.403 541.312
591.938 648.974
103.083 842.613
293.507 140.700
26.902 996.848
951.958 33.922
623.417 427.932
692.057 83.590
295.654 291.855
785.735 670.744
377.900 656.847
512.390 766.208
782.311 749.294
730.910 450.858
390.084 930.242
930.092 999.335
875.353 99.265
198.653 927.963
231.531 84.224
853.908 530.101
143.399 471.744
162.725 347.909
803.642 550.464
923.475 593.519
845.711 365.091
7.841 412.897
300.900 529.706
160.278 116.240
664.259 861.475
870.495 455.172
618.514 174.360
441.010 969.047
223.112 33.146
639.850 979.989
802.014 467.591
556.379 346.352
796.338 435.886
678.334 630.488
747.889 403.409
531.073 961.843
841.716 1.281
804.921 441.059
151.718 514.185
590.491 937.063
705.065 843.151
45.038 42.559
612.618 208.087
262.034 466.621
991.052 343.713
631.642 139.050
417.797 508.900
257.959 821.999
893.450 663.358
643.263 348.503
132.714 305.388
191.109 583.829
481.345 619.765
949.643 292.069
279.569 859.639
487.794 89.130
194.497 507.506
532.161 942.784
31.215 548.574
677.182 721.788
471.844 773.614
950.793 696.610
851.608 928.352
28.839 510.229
925.710 408.897
109.808 841.398
269.067 19.351
90.663 562.802
554.615 716.650
272.888 215.746
963.802 645.909
147.649 609.728
632.546 304.611
314.808 487.264
250.183 440.972
818.987 690.721
121.998 894.720
571.973 995.433
254.671 867.731
472.749 124.956
586.477 589.455
452.362 360.528
381.126 500.848
547.918 70.842
163.515 242.710
458.539 690.442
674.983 228.357
17.648 439.464
750.426 56.732
626.854 391.651
92.986 198.681
444.642 861.644
540.504 184.058
846.893 281.487
668.199 440.157
215.899 16.355
982.984 784.977
148.898 446.247
987.206 936.561
406.777 612.412
677.277 8.593
884.165 467.469
346.339 124.180
33.890 910.023
526.012 453.027
527.780 219.391
805.388 256.545
299.995 151.817
689.274 324.223
263.853 262.019
367.685 375.347
218.874 982.976
11.175 933.157
838.597 384.071
898.650 424.548
914.158 790.719
444.674 591.973
466.560 452.343
899.290 365.514
819.314 390.148
32.743 589.084
445.137 424.266
238.031 972.515
51.742 238.396
129.275 285.396
885.872 131.342
965.808 391.884
609.852 106.927
469.742 258.003
342.856 888.447
216.895 359.595
551.043 255.733
758.424 230.079
468.206 731.769
599.780 900.545
292.452 659.624
903.427 189.247
839.321 464.707
2.296 612.765
968.349 932.257
957.313 442.433
0.080 14.379
470.305 171.146
656.434 658.955
369.096 12.064
990.250 944.857
448.145 673.954
926.027 966.883
415.352 564.786
92.753 431.261
30.113 554.476
591.483 128.895
7.743 877.230
236.028 452.336
41.661 729.623
605.426 845.485
914.615 51.744
820.670 341.473
638.671 425.716
287.348 855.620
645.908 27.211
114.346 898.252
469.343 545.672
352.837 732.549
939.647 866.295
444.730 839.281
544.038 367.888
449.954 944.825
634.646 963.069
837.549 141.972
612.488 291.100
701.491 619.810
799.445 858.978
272.252 606.456
992.020 548.256
244.206 361.106
123.719 858.917
996.560 407.997
568.410 23.638
120.942 192.564
135.145 495.172
50.714 359.740
30.824 810.689
266.940 320.916
38.239 691.982
764.902 790.024
94.960 445.226
315.230 374.902
852.160 429.824
940.012 273.429
745.993 695.000
487.455 911.547
65.020 473.999
804.597 796.779
145.944 230.384
731.123 989.061
106.230 871.332
636.322 355.688
647.043 425.489
95.889 103.195
648.074 753.262
698.622 502.953
356.620 701.811
935.581 802.018
192.204 992.538
207.692 286.210
687.083 901.174
899.617 300.121
40.058 971.836
230.327 603.101
904.860 390.570
505.527 825.086
235.557 102.333
225.386 823.012
882.855 884.946
632.835 630.809
562.213 74.861
276.847 167.178
567.749 588.647
871.148 470.096
672.726 152.059
413.929 697.855
668.250 943.820
622.830 196.509
92.541 744.131
559.264 804.278
468.705 895.039
994.441 439.499
830.447 682.131
874.814 83.901
912.511 253.252
16.091 373.219
133.784 531.852
75.129 896.559
419.551 488.613
675.643 428.013
679.576 781.906
542.086 376.160
918.225 160.666
536.669 884.657
312.273 768.282
807.127 209.012
358.607 947.194
489.714 230.790
248.426 305.253
480.652 315.856
636.879 422.602
856.012 623.747
529.130 174.518
333.290 153.302
622.902 388.529
691.274 78.290
437.624 721.320
518.279 554.498
754.396 301.849
426.178 988.142
929.637 394.518
337.316 925.895
123.134 50.412
717.458 341.553
286.035 850.104
87.968 732.968
158.749 251.174
394.827 702.067
78.036 934.339
810.372 292.839
367.135 670.027
992.167 564.171
298.436 601.391
626.871 185.852
559.679 734.457
308.955 612.794
926.740 26.950
26.417 596.403
154.539 682.072
420.338 469.428
463.627 968.948
9.242 612.174
639.702 859.788
53.023 666.096
53.909 493.676
239.635 253.017
95.135 847.145
85.107 553.563
269.505 195.229
862.263 621.366
29.295 938.027
184.123 71.575
914.900 513.758
573.189 238.154
339.159 961.737
52.472 499.463
562.562 480.864
802.993 108.190
570.344 850.076
850.158 456.587
214.169 107.536
821.310 452.580
502.756 304.715
675.098 319.962
706.350 133.501
220.402 73.210
713.857 222.287
134.924 467.058
658.046 851.753
949.814 76.465
178.983 957.909
197.650 256.921
369.778 897.783
786.487 926.772
443.695 887.688
294.496 695.570
998.478 643.275
31.694 683.735
97.314 616.090
628.423 412.063
624.934 647.955
992.986 635.036
780.720 966.624
260.650 892.227
126.485 975.611
272.493 649.421
385.669 489.714
584.275 258.659
58.398 922.497
253.404 426.947
654.551 149.679
317.220 32.655
724.830 956.699
742.929 878.250
951.702 918.113
966.071 970.370
502.984 201.843
61.906 321.790
686.005 423.874
332.544 870.638
345.372 942.088
521.802 753.951
187.527 866.762
708.127 295.340
981.649 641.306
939.424 598.846
155.614 565.928
683.497 981.046
440.908 950.512
238.697 96.308
467.405 95.682
295.619 890.724
724.926 437.439
1.066 654.091
95.256 249.248
362.272 892.352
557.099 734.600
571.547 457.580
704.274 972.371
86.758 5.793
880.989 392.801
525.769 614.713
984.245 590.073
44.073 607.981
280.486 263.634
176.823 932.036
11.453 177.671
539.825 551.248
986.302 817.149
477.254 750.908
911.182 408.343
440.499 512.412
346.711 203.557
888.158 432.795
733.601 432.236
56.983 308.971
607.993 928.000
92.801 276.669
231.631 416.130
397.526 242.153
242.053 517.434
890.638 749.380
219.129 370.360
145.411 710.849
9.622 655.969
1.332 707.694
662.434 986.337
247.051 463.948
384.320 322.901
41.013 278.161
157.854 322.550
789.682 638.056
433.168 485.922
432.845 685.779
359.247 112.622
214.768 533.516
249.196 397.457
636.755 756.698
555.973 553.987
155.675 453.971
834.791 939.382
515.584 225.654
777.896 663.680
553.085 598.401
318.402 983.329
817.363 272.564
918.398 958.479
833.780 375.337
863.502 792.408
3.483 832.948
975.420 76.692
833.811 748.758
169.688 576.788
487.738 898.192
409.413 842.386
605.805 697.932
733.347 392.034
612.614 21.279
416.452 241.702
829.649 200.656
108.706 957.719
263.899 166.177
119.487 765.850
13.982 715.627
614.191 748.821
49.635 563.135
267.876 516.376
964.273 108.538
162.592 589.696
533.965 885.010
532.095 955.157
649.941 795.765
456.897 708.832
365.777 483.759
542.729 594.757
745.941 337.263
717.427 464.319
380.266 143.980
312.709 75.765
894.543 390.047
978.608 711.049
44.795 490.375
246.127 349.836
247.538 270.457
290.081 241.789
899.800 408.584
85.731 676.166
654.218 159.078
66.248 681.405
810.673 361.360
834.791 793.680
884.533 381.257
582.146 918.310
468.208 4.888
377.352 893.818
284.032 261.135
314.225 767.994
98.898 942.049
780.553 966.034
799.922 734.581
773.045 995.399
795.014 673.504
836.083 571.638
190.247 592.067
998.910 149.144
51.832 946.341
780.292 888.489
419.768 717.446
673.935 2.358
293.287 881.753
651.282 282.490
393.764 754.331
710.827 312.557
352.321 886.843
133.076 722.002
522.671 996.194
586.976 996.494
413.223 856.924
226.404 415.482
438.664 169.396
318.715 275.338
778.269 291.445
963.091 956.436
799.490 867.389
198.920 101.854
244.508 484.765
81.181 957.190
275.248 419.985
130.983 456.887
622.623 51.795
257.301 857.511
694.016 693.279
286.950 11.938
954.915 946.275
108.456 418.928
962.570 7.287
252.490 595.199
656.148 429.488
62.843 514.676
639.186 883.627
131.452 440.549
580.424 882.967
150.269 33.370
49.709 624.138
411.377 477.469
692.687 59.818
604.019 688.612
965.004 794.128
17.945 523.456
393.461 626.722
836.969 385.948
135.902 168.729
154.814 603.868
626.413 381.043
485.595 264.979
81.614 848.102
771.935 917.332
628.695 245.860
205.852 573.998
205.441 445.440
487.241 484.417
625.995 420.051
500.973 497.182
362.237 43.276
609.125 577.196
818.351 484.587
235.157 315.370
711.947 210.350
953.045 348.788
569.741 923.688
813.904 381.085
793.875 670.031
402.251 684.970
459.333 749.265
548.358 673.650
876.414 309.652
50.756 893.099
366.843 579.380
383.797 464.289
257.100 431.858
468.056 715.351
280.678 762.656
615.677 744.988
92.426 520.085
910.924 562.095
110.813 659.769
410.525 167.452
567.890 113.860
866.581 926.605
80.217 6.866
257.705 277.337
528.308 722.297
577.920 35.055
630.375 994.442
238.042 300.828
492.526 381.299
683.260 418.792
31.733 248.011
593.161 282.388
807.742 611.361
210.191 315.000
518.422 858.104
530.215 911.328
159.146 98.279
535.321 75.923
606.773 921.073
222.174 769.138
865.773 664.108
257.017 378.920
709.374 309.396
570.221 909.562
964.761 627.126
310.845 967.242
886.404 592.771
851.226 291.650
544.226 931.147
385.808 997.400
717.533 858.530
189.698 118.231
542.542 792.624
614.683 891.869
136.042 754.064
199.170 577.607
37.471 793.051
825.464 340.868
321.828 225.730
58.792 468.366
939.061 462.523
263.382 476.053
158.873 462.854
328.602 604.449
754.359 505.793
61.477 622.252
363.958 516.669
816.361 64.081
183.102 897.352
144.413 338.889
208.664 502.101
976.531 631.845
353.119 550.762
670.422 547.889
995.364 526.345
744.034 755.124
234.683 49.120
536.524 96.165
208.931 379.569
465.805 398.552
461.189 890.211
718.310 25.531
741.910 229.780
341.742 715.412
213.284 730.612
281.008 138.665
770.640 313.440
817.298 464.021
739.448 600.391
772.216 675.982
731.699 967.137
198.749 340.402
145.992 925.337
701.307 966.393
103.061 963.615
205.505 36.067
318.316 402.527
390.613 478.901
929.237 523.005
926.400 562.222
577.520 353.307
593.620 149.386
450.054 722.374
360.128 91.071
49.698 726.886
168.219 619.149
816.332 375.267
579.763 454.695
572.934 640.483
657.407 484.720
235.249 510.755
366.535 678.264
312.058 517.941
218.904 553.471
234.730 988.850
898.233 776.226
248.627 950.369
104.782 393.620
742.243 879.187
11.765 520.197
103.969 409.915
588.509 753.871
635.789 294.296
793.175 892.669
315.584 615.631
585.029 817.784
968.303 423.194
813.209 893.150
692.560 562.153
701.390 769.361
346.464 561.154
756.848 350.408
539.613 46.352
687.943 595.894
350.250 738.018
607.271 809.702
975.419 733.665
763.223 447.515
236.767 892.335
214.326 247.548
843.917 880.163
850.504 295.347
447.287 990.366
518.400 246.445
795.841 486.286
271.294 637.031
939.694 668.333
242.092 493.934
328.388 868.759
188.676 506.115
455.675 321.846
727.954 78.631
550.026 126.918
625.173 717.920
108.633 600.322
486.481 74.395
85.403 255.729
313.008 439.001
702.499 357.629
170.574 15.988
368.942 521.858
488.518 142.654
677.409 749.118
485.326 549.683
681.825 282.912
266.325 75.045
98.407 716.066
556.203 695.561
775.303 630.847
229.928 85.213
292.780 73.550
880.197 261.742
879.454 857.200
47.250 851.962
0.224 241.031
401.743 694.016
835.562 905.946
670.292 551.094
596.204 927.519
157.585 69.769
909.549 207.497
457.736 713.029
122.005 349.322
510.687 88.861
276.060 971.126
689.179 165.672
419.410 570.497
528.376 946.674
729.218 453.067
939.325 49.319
115.340 41.072
15.045 841.201
639.726 633.300
196.584 596.324
804.727 332.191
299.235 427.642
496.795 280.279
344.584 403.242
294.825 402.503
144.638 207.582
153.008 665.021
761.862 441.257
644.410 719.039
560.005 739.132
337.651 275.579
930.321 535.632
790.654 478.108
767.427 130.701
380.266 333.743
12.161 700.436
231.482 608.879
161.251 463.473
659.616 778.834
960.706 355.776
245.319 844.031
904.200 624.118
792.678 723.236
971.128 897.212
706.016 891.055
738.599 826.874
146.235 293.754
874.659 39.343
113.682 716.761
314.669 69.939
899.057 889.821
8.349 808.650
843.391 613.086
908.780 152.726
434.649 411.487
705.735 178.886
753.246 621.808
333.072 606.643
404.842 210.397
213.887 853.934
443.086 32.450
669.357 713.194
701.176 760.276
47.512 790.975
882.380 166.431
852.728 912.212
811.165 301.260
3.661 749.058
316.053 83.579
433.102 155.976
259.630 579.017
36.200 208.785
716.855 949.394
173.944 201.280
766.306 7.148
803.292 328.097
113.806 796.565
972.065 895.150
153.338 16.117
278.049 84.646
247.196 739.733
791.151 669.639
165.262 569.364
953.585 722.082
571.227 285.839
788.678 351.181
919.757 68.013
85.143 679.410
769.416 406.231
556.472 450.842
287.651 570.944
733.156 641.795
725.791 204.947
24.767 720.739
554.625 84.585
502.622 89.964
7.595 320.415
471.068 913.410
997.829 16.136
805.985 595.961
906.614 178.024
917.424 67.793
528.965 872.144
116.204 828.615
46.809 728.953
75.801 338.924
32.172 321.727
676.922 757.275
335.553 810.406
966.266 969.107
844.979 509.356
224.398 983.902
907.038 537.011
492.023 196.654
494.907 469.468
79.668 130.830
627.619 590.493
342.892 735.268
884.122 947.936
347.975 827.279
11.187 703.042
54.912 885.024
703.996 482.756
832.454 948.605
897.433 463.285
603.486 378.546
530.588 188.878
933.323 949.803
111.244 658.263
638.657 459.725
300.316 137.354
779.817 75.281
150.307 223.426
412.531 26.666
74.084 197.019
189.347 582.888
514.056 471.321
648.295 28.286
885.015 785.991
197.535 930.417
739.117 282.819
702.757 402.687
35.352 632.425
982.690 443.185
770.334 521.009
700.034 677.050
209.476 760.706
675.144 275.538
479.363 955.540
436.723 321.240
644.527 827.148
306.413 9.139
435.434 858.001
683.759 524.378
937.999 405.516
209.604 447.662
112.959 311.464
852.101 905.999
564.104 110.885
735.959 351.574
156.326 871.012
651.134 279.157
63.147 775.915
247.700 508.732
774.426 20.378
718.779 428.029
913.373 479.640
196.417 268.208
264.074 964.228
253.392 41.934
5.926 811.573
906.882 589.086
519.384 581.031
664.566 315.304
47.522 598.253
989.866 278.124
333.243 341.906
717.818 532.877
105.612 734.934
787.467 697.972
402.731 45.132
990.598 5.678
200.608 121.266
74.083 782.309
887.053 323.291
53.983 981.885
425.274 941.928
866.682 720.936
620.731 945.448
550.719 924.753
345.118 197.636
747.243 156.317
657.912 517.162
773.301 87.144
397.017 122.253
139.950 488.275
435.582 760.436
164.206 981.839
780.231 683.924
880.572 476.262
635.345 310.900
341.466 254.952
633.713 166.331
150.327 946.196
560.957 35.947
621.362 607.310
364.133 918.425
355.335 755.586
625.380 114.719
315.958 291.222
69.776 974.713
526.131 858.648
980.737 378.031
579.885 518.703
280.988 795.832
105.171 752.778
285.329 288.146
103.177 339.442
290.325 973.978
332.728 378.436
378.682 70.449
489.581 116.504
108.609 219.160
842.820 365.233
663.658 303.633
955.024 666.620
294.143 351.760
640.304 516.940
52.341 196.698
77.118 689.329
56.542 683.292
864.722 117.261
244.497 112.004
666.027 403.453
839.187 142.974
418.321 278.151
948.160 999.897
824.225 467.833
904.366 653.437
981.072 46.565
448.358 506.829
882.503 63.342
768.257 720.276
892.393 270.342
864.658 935.312
235.086 22.662
714.624 432.437
315.676 158.898
552.930 180.436
447.884 112.459
134.824 354.885
43.671 233.249
504.787 600.265
464.936 569.908
152.036 254.080
162.641 320.688
148.579 763.789
236.394 555.559
373.149 709.789
197.535 385.742
495.368 605.370
24.958 443.242
538.687 285.737
978.522 759.928
610.474 86.422
923.787 955.207
10.776 796.574
840.709 74.141
308.858 619.938
741.838 331.042
941.781 963.649
632.264 11.970
731.240 821.689
562.041 31.192
333.408 460.411
126.820 150.387
798.809 423.795
886.718 874.799
954.523 508.377
934.265 944.945
692.811 237.426
117.804 507.729
810.158 245.635
183.185 97.680
373.361 968.160
351.021 897.707
719.738 467.197
923.124 194.692
41.867 593.274
755.236 704.306
799.384 927.503
519.218 414.614
259.094 330.317
888.794 895.092
488.243 594.975
107.453 697.184
347.995 454.068
45.658 17.211
909.858 464.815
762.560 432.977
428.616 181.186
719.953 486.896
927.696 206.047
543.469 792.968
845.661 464.465
922.410 428.642
217.019 23.618
815.847 844.720
157.604 112.206
149.242 322.494
830.966 197.465
980.197 358.740
668.300 593.974
522.474 24.386
157.646 434.930
538.181 15.911
418.717 28.785
254.966 455.121
143.954 149.210
26.049 361.540
353.511 154.396
520.042 715.010
176.573 369.931
413.888 935.282
988.935 952.583
92.770 483.020
669.520 140.317
86.453 896.737
210.579 654.019
614.261 454.982
904.213 34.875
580.243 647.941
821.728 124.696
195.960 802.437
734.748 71.928
395.249 927.593
973.399 425.358
937.136 754.697
631.723 695.908
248.569 526.578
493.938 407.058
388.368 149.623
861.388 249.612
515.770 357.488
991.633 586.396
751.009 697.746
949.827 231.449
172.640 998.626
957.700 780.627
11.486 240.543
382.091 638.652
924.163 501.294
118.514 909.808
361.427 525.451
455.700 567.612
597.776 644.020
988.079 376.875
557.845 763.787
326.079 457.864
410.544 245.730
513.417 221.178
133.537 648.396
237.995 670.778
266.460 170.036
195.642 94.356
350.389 259.667
85.295 510.639
746.230 965.268
869.169 666.333
321.669 206.011
251.327 141.627
764.985 922.792
847.890 585.243
266.064 542.572
694.072 756.792
70.745 356.045
176.228 220.249
555.477 535.842
516.216 767.271
973.519 575.017
592.623 388.479
524.160 309.622
339.916 996.200
453.448 530.780
126.457 796.229
725.181 649.578
157.017 33.179
832.350 702.216
77.874 377.014
199.165 442.462
298.383 55.649
784.927 748.653
716.352 894.733
126.047 558.871
446.616 965.101
262.935 390.104
995.292 617.308
327.199 266.079
179.292 434.470
255.563 800.945
611.408 547.007
511.528 566.023
90.978 153.647
86.887 70.600
814.794 350.326
207.617 694.494
512.798 863.013
886.234 101.756
457.942 0.260
618.516 948.454
786.920 801.331
372.409 727.605
6.131 235.429
710.172 783.754
620.285 551.442
592.004 708.783
654.202 798.941
220.018 337.057
451.087 514.254
8.865 712.666
435.829 392.325
36.389 743.368
734.728 945.342
787.012 587.678
197.249 281.628
283.537 32.700
274.954 728.902
669.483 930.218
463.869 272.373
404.663 943.890
786.302 449.833
280.732 200.531
183.840 675.441
820.419 37.991
738.054 509.312
872.616 357.910
621.683 129.539
485.077 916.325
479.594 725.911
875.477 710.085
440.622 570.667
955.753 218.444
737.525 361.785
796.691 25.313
209.513 983.852
55.319 784.067
587.092 692.237
355.531 512.120
669.497 237.802
83.086 264.129
894.746 84.036
46.128 949.540
285.262 616.974
236.332 15.826
97.608 173.133
162.825 204.601
496.032 648.319
146.372 515.330
707.261 883.733
908.168 384.785
906.557 450.983
748.713 854.032
316.286 109.831
685.686 239.279
980.565 819.572
566.419 759.255
354.674 458.496
986.901 349.950
711.145 278.457
861.412 273.151
542.744 287.580
449.000 145.174
571.189 864.190
553.637 315.188
468.642 816.133
653.871 20.210
555.984 874.898
36.139 871.931
884.064 516.782
289.343 129.277
223.264 525.535
976.352 618.093
867.895 720.921
717.705 469.941
560.614 674.241
657.230 718.269
417.651 32.415
530.271 813.586
559.640 664.033
37.402 601.408
967.199 169.596
291.254 701.789
93.745 65.107
630.564 860.949
633.816 433.347
944.241 624.830
577.480 765.027
204.322 984.013
122.744 620.140
226.978 155.221
581.599 610.364
989.729 14.450
187.196 662.257
601.598 679.550
599.552 707.887
593.248 599.930
403.514 207.986
902.823 223.365
80.472 745.979
915.990 827.064
798.060 218.496
266.903 668.270
998.332 409.008
776.922 687.708
7.015 278.552
774.764 984.988
922.450 417.718
713.986 174.261
997.284 890.879
511.704 3.863
768.213 168.777
225.869 95.387
596.371 632.732
171.663 644.609
990.260 806.659
240.451 94.268
630.372 685.762
873.724 126.576
362.780 255.072
752.212 171.929
52.416 313.646
496.210 333.692
883.029 917.281
11.876 316.783
954.521 198.482
908.605 117.127
428.611 84.139
860.685 222.843
337.086 949.333
515.645 225.225
977.412 495.730
671.913 844.274
106.513 323.850
554.815 425.438
232.405 954.275
274.398 321.832
181.299 997.640
980.772 618.360
746.176 651.420
633.720 743.994
16.273 814.638
568.269 341.591
772.738 289.353
546.920 507.497
969.770 107.087
604.658 24.831
247.116 812.895
479.329 213.388
819.352 666.417
583.810 583.041
869.325 398.416
50.373 469.870
324.872 601.476
666.420 600.169
17.186 399.663
50.773 107.486
809.570 523.348
328.925 813.708
9.633 494.992
194.614 261.614
319.927 207.178
383.843 775.973
278.094 975.951
59.121 479.908
298.686 153.248
354.249 811.819
483.016 786.095
938.353 868.585
807.308 960.940
924.262 930.217
958.487 810.816
420.967 304.807
741.290 422.009
58.474 130.036
424.463 476.604
952.332 159.892
856.535 153.337
699.449 646.491
142.331 842.271
360.361 431.045
468.462 997.948
475.526 208.935
901.638 180.640
640.601 324.080
590.324 569.343
620.136 825.758
741.295 171.758
540.810 987.902
680.981 126.455
962.264 779.148
188.269 128.120
71.555 901.350
610.414 573.419
472.540 891.271
39.069 540.016
69.944 929.053
310.355 125.086
278.761 783.814
952.271 342.692
169.005 457.354
548.047 142.745
725.865 834.439
845.583 896.759
101.850 184.285
291.638 649.548
293.459 737.269
326.340 287.140
718.017 327.771
884.406 169.329
89.444 152.183
907.311 315.270
902.030 1.907
34.128 162.597
375.370 173.583
800.320 964.971
304.013 210.094
892.136 620.348
213.974 90.363
524.278 259.604
590.634 524.735
752.676 291.194
158.040 395.373
656.480 772.633
679.507 205.618
178.567 856.822
276.443 298.827
603.154 727.239
294.072 464.534
161.604 773.101
478.451 874.797
339.121 156.486
694.192 735.947
692.354 954.260
5.843 287.112
207.160 204.309
66.574 939.491
163.313 362.978
611.411 150.545
786.758 982.788
283.904 90.282
16.290 635.818
199.852 211.446
625.348 824.686
644.719 132.256
912.574 280.628
139.513 672.399
436.640 118.154
545.450 717.697
137.959 809.436
154.362 789.134
654.524 758.679
822.680 428.052
333.507 430.967
623.431 534.417
415.660 682.974
80.483 278.414
494.941 85.976
881.262 791.220
744.540 812.693
936.926 118.794
137.355 597.129
370.449 174.368
436.965 421.541
25.705 425.184
760.503 436.228
728.309 874.182
480.214 638.445
579.572 625.889
963.525 995.610
743.603 666.553
205.865 271.009
951.779 816.014
397.326 711.350
241.348 741.878
138.729 969.853
172.583 516.810
772.216 875.954
313.041 963.080
780.087 147.159
562.532 478.232
288.782 494.534
26.812 45.814
348.231 68.175
383.764 384.510
382.197 137.967
428.011 110.680
406.215 839.161
312.553 866.876
587.963 62.083
184.296 300.407
759.544 201.973
502.996 939.673
400.287 117.384
185.659 851.916
944.343 358.468
138.105 303.247
131.930 500.180
788.356 676.213
706.671 658.658
776.635 449.508
57.831 646.891
994.498 876.714
174.730 759.517
916.676 457.876
180.853 640.174
108.509 103.395
651.005 619.313
272.563 958.738
982.031 124.103
679.206 88.212
131.646 982.473
487.482 671.570
686.795 830.746
969.966 935.899
357.329 368.904
71.090 564.353
14.709 502.136
52.444 351.560
208.881 301.602
531.976 704.535
603.130 50.457
77.902 759.341
814.520 900.400
400.982 401.170
175.811 752.388
791.748 71.182
206.496 137.534
783.064 482.090
740.960 869.659
458.311 38.187
468.871 144.415
718.369 945.906
82.046 323.674
8.400 356.706
817.629 948.349
357.392 82.174
191.673 687.046
611.738 456.066
960.926 956.418
612.363 778.925
900.526 327.633
783.635 255.959
365.580 293.708
939.782 100.025
192.964 883.965
735.604 272.543
826.035 761.819
767.988 70.729
571.223 507.917
878.701 320.666
973.050 608.730
545.996 144.918
347.443 449.590
649.550 66.132
112.451 536.140
977.575 800.231
898.713 390.655
502.321 392.493
855.558 370.712
102.362 88.199
136.452 622.811
59.317 122.253
166.933 723.484
319.312 79.489
521.059 256.847
145.093 719.393
157.730 832.627
561.725 306.692
535.019 562.780
721.384 721.964
514.571 912.361
69.240 970.542
39.991 614.120
768.465 100.510
772.493 973.276
177.757 66.548
55.216 390.264
125.851 958.149
395.029 734.146
633.743 849.891
69.835 566.412
769.244 477.764
977.374 415.696
336.918 885.303
552.498 526.667
702.181 716.187
689.750 666.762
736.707 720.610
961.151 776.249
832.260 9.351
567.176 433.418
452.583 710.031
451.248 487.680
474.451 371.380
262.014 355.122
222.048 906.729
806.711 475.934
736.947 940.349
536.443 439.251
312.013 572.570
509.612 554.434
752.768 841.440
712.202 841.114
91.432 304.976
370.639 101.822
101.369 293.982
346.431 173.874
387.177 544.482
678.134 437.458
48.767 154.556
802.304 870.114
741.826 830.838
124.150 490.569
632.658 309.659
477.930 822.380
428.010 830.427
839.618 558.381
148.580 917.743
904.792 348.693
751.120 894.877
951.629 78.350
409.168 416.059
401.300 126.669
604.635 224.419
77.336 291.608
369.605 261.825
359.500 210.100
935.647 696.859
636.884 74.273
749.934 115.138
366.710 870.772
6.564 424.797
433.215 823.978
670.822 264.280
156.355 540.782
724.065 845.170
279.330 28.155
34.424 231.436
608.819 535.507
894.952 376.188
715.055 595.164
683.559 774.778
479.699 973.289
110.884 312.934
651.909 471.018
123.178 316.185
749.215 88.929
191.851 395.966
620.426 965.931
83.466 256.239
929.699 199.085
523.071 45.613
524.612 264.912
500.904 353.055
444.947 440.420
731.146 864.251
92.615 216.069
238.318 972.355
256.132 139.584
807.782 653.567
467.955 847.408
621.032 57.550
750.522 679.674
242.560 226.120
239.085 589.333
943.063 866.149
777.698 975.859
181.379 572.433
947.487 586.088
877.787 760.703
311.986 487.814
346.007 487.859
153.474 269.769
496.600 49.191
894.138 17.486
322.809 870.083
951.797 860.161
871.579 885.470
473.238 687.101
451.692 801.570
416.270 283.052
587.020 222.945
806.901 429.580
801.031 536.844
290.415 150.567
869.147 126.645
724.691 428.803
844.849 639.732
735.160 758.347
636.791 848.157
325.117 274.832
649.840 631.279
382.748 237.288
294.467 397.955
740.910 646.326
836.023 979.169
951.708 151.618
619.602 730.762
25.180 304.870
97.094 82.773
162.872 463.569
423.144 178.694
615.063 763.418
131.443 357.807
314.655 310.641
99.486 169.135
632.603 593.259
172.234 289.997
975.587 822.149
894.885 842.679
881.990 885.633
976.424 153.279
329.876 45.967
563.557 173.283
882.002 581.462
109.189 916.786
365.029 238.866
908.960 649.809
606.657 458.032
601.021 475.528
470.901 551.379
225.286 787.344
863.225 549.730
84.381 489.557
786.151 764.919
729.255 90.966
278.712 283.830
504.427 181.606
400.229 982.511
568.905 488.213
556.987 67.903
834.772 558.808
829.876 331.113
101.881 965.864
575.028 508.056
606.034 225.541
938.344 143.966
190.324 260.829
479.866 766.972
41.782 317.115
872.754 156.350
82.361 706.395
308.567 317.875
719.730 365.107
652.653 944.102
169.051 530.275
674.465 941.690
996.622 682.939
469.531 728.983
284.320 800.752
151.806 337.688
627.077 676.107
450.592 443.175
482.114 928.019
273.904 188.133
934.265 979.183
630.525 384.059
400.511 491.592
84.367 643.013
687.547 889.101
777.974 335.547
48.017 149.895
118.844 638.522
489.998 473.309
692.954 772.653
712.958 980.533
45.659 623.223
883.183 778.938
773.475 960.575
69.484 192.547
987.995 519.422
947.410 217.738
134.732 851.933
905.252 936.827
52.214 229.956
904.022 219.618
841.023 820.455
631.234 298.533
497.649 869.306
262.945 850.589
718.708 307.003
519.562 945.899
144.263 96.160
792.401 581.567
401.986 487.146
206.440 263.799
210.434 448.027
222.799 303.473
123.081 438.590
566.978 409.044
35.025 240.808
232.121 410.950
906.449 95.267
35.952 630.423
546.167 294.544
466.215 730.428
37.862 404.795
805.420 84.716
327.192 227.077
245.396 306.812
345.784 734.126
471.000 967.980
286.668 181.022
448.186 435.924
915.937 181.180
747.723 710.025
712.559 357.692
299.734 117.273
345.198 360.472
515.963 204.234
389.716 511.710
667.299 155.776
488.575 591.905
256.711 723.997
760.480 410.952
81.489 526.265
253.110 744.731
176.098 65.740
53.157 164.485
604.221 748.392
117.347 156.179
327.246 797.398
807.235 185.262
915.925 313.116
312.232 828.042
8.974 397.015
76.601 512.180
756.061 200.671
385.353 179.558
50.531 423.163
159.423 369.348
458.378 554.182
823.217 96.010
700.858 708.712
133.307 530.532
864.826 858.696
358.716 389.151
506.463 2.273
398.330 630.498
300.566 314.382
23.787 558.300
743.582 26.504
166.927 640.289
877.485 973.787
2.403 356.358
138.651 438.002
96.991 954.620
983.507 462.553
32.529 51.674
576.636 238.599
344.779 883.413
293.880 25.005
640.887 860.845
737.107 992.275
815.494 820.415
36.829 653.528
475.148 248.468
86.464 936.740
409.464 338.028
310.026 855.662
441.962 115.756
188.481 827.276
901.069 385.985
526.815 767.544
150.032 343.352
323.353 478.737
452.068 474.332
501.335 459.130
999.376 287.305
356.420 18.856
465.802 150.549
645.258 699.438
127.631 299.288
908.983 935.644
660.870 584.901
666.111 284.209
524.927 892.455
528.107 651.453
24.551 167.076
561.343 861.918
842.510 149.336
67.808 989.345
57.792 628.097
817.422 217.830
261.418 337.049
510.534 652.728
726.922 464.294
542.439 624.415
856.123 565.191
726.101 982.076
198.625 943.420
124.284 958.767
822.545 954.108
384.620 65.596
988.123 529.293
679.963 667.462
870.499 106.462
886.756 453.961
860.703 473.218
814.087 335.863
582.432 308.715
830.118 251.363
692.268 145.416
886.489 407.662
86.280 647.597
709.072 903.622
451.111 496.700
610.563 263.627
304.381 142.489
522.380 835.980
86.415 214.991
613.227 755.843
950.983 832.387
603.705 435.871
818.033 590.506
148.342 482.647
243.480 27.925
76.704 817.510
82.343 63.258
425.899 26.501
563.121 420.023
397.050 685.193
915.327 715.598
929.519 17.614
309.216 481.215
80.195 912.516
14.000 759.298
625.089 335.767
313.087 452.120
429.478 189.595
934.310 133.734
722.674 417.592
860.220 832.471
608.027 697.716
39.798 842.430
957.478 823.541
580.492 677.794
531.368 502.265
654.826 418.793
803.651 336.989
651.989 464.898
973.820 166.657
408.543 149.052
590.033 28.674
298.184 14.265
372.759 33.815
458.395 289.389
53.220 887.314
697.789 0.271
15.574 734.909
804.040 835.941
363.437 249.850
763.557 384.226
909.884 181.415
267.494 490.225
612.596 454.578
661.317 517.502
672.538 256.932
24.243 832.085
356.880 254.679
56.050 449.045
757.951 988.392
205.020 631.011
506.867 351.097
205.039 834.909
667.438 29.100
414.562 463.020
436.880 771.186
634.159 939.289
507.419 654.581
584.909 894.226
331.757 768.721
798.592 155.494
475.975 811.859
839.495 519.817
181.311 324.822
963.899 861.757
473.808 949.434
526.724 987.113
713.990 39.151
175.440 858.910
144.428 375.326
620.465 230.042
819.255 686.175
201.597 225.820
331.937 232.259
612.032 779.720
752.900 201.282
241.098 814.261
609.680 722.480
868.555 70.838
60.896 985.156
845.297 471.935
737.445 622.642
146.607 880.118
984.023 341.368
110.954 175.265
687.308 737.985
76.990 785.256
362.556 942.297
709.069 892.488
584.773 154.643
338.104 90.789
527.326 124.628
418.026 94.092
525.398 314.310
787.794 962.886
733.179 182.581
391.191 400.078
194.457 756.461
621.920 407.270
946.567 392.439
409.104 43.052
777.882 785.768
688.168 765.185
93.330 747.417
428.716 411.797
666.813 888.512
46.660 101.909
905.186 673.163
969.721 354.895
734.329 521.062
702.938 455.350
899.146 221.766
385.448 770.421
87.013 912.865
643.081 622.913
911.270 962.371
912.417 73.388
856.544 551.396
608.042 972.844
694.809 861.545
35.883 905.526
421.201 21.448
624.659 672.134
252.539 185.641
956.928 136.656
319.054 909.998
474.537 514.170
911.114 256.892
412.512 239.804
7.922 84.860
682.262 45.027
585.176 379.591
153.361 187.253
933.805 695.457
941.223 585.109
37.730 915.386
605.951 559.093
726.749 363.749
117.783 763.475
510.775 830.170
378.267 805.499
962.201 511.332
984.708 915.716
715.890 211.405
674.984 79.324
419.795 916.121
690.265 847.390
806.811 207.011
296.851 587.115
483.164 643.637
586.859 618.821
779.672 939.185
664.740 650.450
154.878 2.214
401.050 894.692
720.987 144.474
160.598 123.081
897.298 881.649
569.013 665.959
270.772 743.328
374.110 327.036
654.586 99.426
599.997 612.207
851.714 759.555
326.324 479.615
507.600 31.707
948.430 792.428
417.014 497.284
986.212 798.196
876.549 558.743
330.935 702.719
568.934 279.636
768.376 109.869
629.641 683.814
553.169 965.976
951.731 773.142
806.379 296.571
519.878 726.877
329.384 206.506
634.682 294.861
438.351 146.936
51.826 432.634
385.081 202.187
412.825 410.688
968.886 987.717
354.252 790.504
117.279 659.887
614.211 166.227
434.577 620.728
592.393 293.422
425.109 424.561
649.886 365.631
904.608 868.162
924.473 936.153
786.188 409.117
779.484 826.996
904.693 199.819
687.333 255.274
308.556 889.192
138.321 11.908
435.069 263.249
577.805 927.181
900.321 246.106
450.268 627.379
747.169 474.089
95.515 544.347
638.698 63.430
304.103 406.514
402.106 505.139
96.928 143.357
61.695 353.487
47.295 6.194
829.637 455.556
627.159 994.076
733.081 405.706
354.736 213.208
584.716 677.872
701.286 774.643
640.282 501.142
499.915 644.008
931.588 773.823
992.504 703.513
386.286 880.242
544.359 539.093
123.675 830.577
6.840 474.294
559.878 665.082
10.639 375.819
274.411 869.624
132.143 674.341
863.893 896.500
826.714 381.334
598.409 172.527
912.104 623.126
423.969 883.095
483.969 533.105
651.116 235.783
432.310 117.524
893.042 329.385
922.226 225.570
107.442 865.392
509.807 702.299
243.172 360.604
130.109 560.875
139.430 309.985
750.379 377.542
963.416 993.145
397.618 98.693
21.649 509.283
211.814 381.835
164.965 735.160
808.702 730.616
503.479 878.852
881.159 701.354
876.881 50.205
881.611 572.086
336.674 670.732
523.118 72.051
485.560 139.708
536.661 560.581
989.034 698.442
686.414 146.325
262.411 976.411
471.377 352.893
575.363 213.138
511.942 120.649
421.028 413.746
200.751 176.143
623.476 363.167
291.434 541.815
783.578 517.061
174.631 705.964
810.940 154.188
200.382 835.059
208.284 638.412
842.762 310.686
672.373 153.754
226.631 358.785
86.749 194.164
334.764 533.426
425.201 680.784
46.690 333.413
674.391 256.976
876.174 977.345
907.832 556.048
862.111 366.076
247.519 5.363
854.287 18.045
511.190 190.879
609.395 143.826
33.006 526.843
201.224 49.350
137.995 256.612
652.164 826.691
648.771 629.381
118.253 826.241
204.896 193.830
578.050 746.064
917.731 73.597
363.320 87.576
359.980 579.014
277.645 478.041
944.323 362.409
277.315 482.411
513.483 977.109
828.737 147.982
121.872 22.442
600.998 763.610
258.668 416.895
450.533 412.362
105.523 795.116
432.872 183.820
226.691 528.108
217.468 376.667
760.645 708.282
807.219 160.969
908.872 637.111
629.587 992.920
592.415 541.638
727.398 540.222
81.335 675.887
664.660 706.945
183.456 453.248
34.776 111.567
776.900 558.984
892.110 873.934
514.477 790.488
834.698 10.327
324.463 179.766
911.848 813.190
518.539 490.300
166.186 554.840
787.383 354.647
417.591 802.893
326.457 703.576
320.639 683.800
16.816 930.191
351.007 79.981
808.161 944.333
693.724 708.656
650.566 951.286
167.379 938.780
220.661 383.995
257.935 38.267
662.952 932.973
740.307 308.654
867.897 998.496
169.328 629.948
162.333 139.256
93.857 684.276
6.318 906.529
781.988 901.491
875.733 711.478
631.023 275.816
856.208 113.947
740.158 534.461
121.998 991.429
285.864 269.934
987.445 397.662
421.745 585.066
609.127 573.137
141.733 302.080
649.000 576.505
236.694 54.809
189.555 269.080
557.420 309.163
241.148 4.766
483.041 543.281
852.454 237.519
531.029 440.237
55.925 854.412
479.543 459.758
752.851 118.988
817.451 30.341
836.563 447.777
955.275 464.832
399.458 3.681
41.821 357.444
269.185 408.092
771.775 750.926
23.932 945.719
822.116 652.034
998.893 341.695
808.415 941.530
215.073 335.268
922.109 731.415
279.613 836.274
898.626 511.580
460.976 762.907
311.741 164.847
91.244 255.193
599.567 292.520
849.546 853.465
571.914 271.636
906.849 713.500
319.074 421.463
545.741 478.417
774.405 384.379
637.429 170.231
469.648 270.614
121.865 641.051
627.036 578.966
148.829 312.699
557.088 487.319
264.496 341.185
860.928 309.872
519.673 270.389
334.323 754.618
740.259 866.107
670.578 236.217
338.452 753.660
37.507 286.563
671.083 62.843
504.611 327.914
34.307 452.298
812.320 653.678
475.141 421.973
365.851 44.061
680.521 114.588
715.579 896.982
982.240 815.687
776.616 405.710
754.307 265.728
641.712 632.386
777.210 941.494
332.508 446.546
707.849 830.075
773.360 704.152
95.654 290.645
137.570 889.508
207.927 784.143
463.879 424.109
168.819 569.047
244.600 194.178
619.977 415.335
353.489 955.943
558.595 165.350
730.815 626.510
315.894 829.554
358.714 950.592
158.128 653.942
617.966 435.647
929.343 344.207
724.559 785.764
177.520 573.840
405.987 628.472
413.779 663.834
846.381 723.769
661.222 454.142
777.887 977.389
916.182 907.662
375.363 468.648
974.814 376.357
966.305 157.952
599.368 354.022
683.707 586.614
795.342 400.500
759.602 668.971
662.932 231.125
271.023 922.552
396.037 90.909
402.255 709.423
165.194 162.081
130.128 269.427
254.816 859.454
597.034 27.348
479.676 473.422
825.330 936.920
877.765 158.246
311.385 642.732
82.115 140.755
892.297 11.681
128.317 37.050
802.134 569.997
922.300 708.183
3.850 317.357
430.470 659.371
11.820 971.443
968.894 277.212
130.945 143.246
789.773 79.797
31.764 151.456
922.639 240.727
324.453 94.673
101.012 580.227
738.932 778.982
793.405 655.675
181.621 547.936
223.859 938.917
183.998 155.409
373.133 280.468
319.136 174.327
383.350 112.415
473.594 696.808
781.429 849.881
455.598 862.592
658.480 564.633
664.458 950.942
415.458 111.275
216.405 314.002
172.131 182.388
89.586 596.791
737.139 746.556
801.638 611.942
499.316 876.823
518.713 842.364
251.476 320.714
150.184 128.272
30.011 305.047
330.281 890.119
283.425 882.813
876.595 758.871
123.261 108.333
742.177 92.918
103.624 404.174
52.375 945.779
694.031 851.753
333.731 353.035
488.358 794.098
246.152 877.125
916.783 928.128
557.341 749.174
578.853 292.381
494.921 801.590
207.226 798.060
723.864 981.167
34.362 455.591
469.392 844.469
869.819 613.784
992.757 200.725
713.365 201.074
66.635 651.054
157.064 863.582
376.859 774.768
587.269 299.524
765.600 124.613
884.021 847.377
912.039 944.493
972.983 810.560
353.298 57.278
560.291 565.966
558.906 342.430
411.465 144.272
471.773 871.324
554.069 846.058
927.441 150.199
33.995 290.898
189.691 147.723
282.616 973.588
917.756 546.457
632.909 318.953
827.853 763.790
360.507 899.298
594.362 608.907
849.981 236.340
522.504 572.184
849.351 747.912
498.663 864.645
952.062 950.266
126.928 184.056
800.250 359.436
123.620 755.768
899.534 300.898
916.457 540.095
417.812 307.146
248.852 476.389
131.832 436.998
392.597 590.849
804.699 111.485
770.580 956.599
186.006 376.265
405.787 785.337
872.226 508.417
76.427 61.407
309.616 212.727
948.521 244.995
683.374 922.728
267.408 401.575
101.720 664.286
992.388 517.131
794.948 26.889
142.958 692.609
185.572 629.305
979.053 315.501
611.320 233.108
359.922 23.561
253.383 109.457
573.723 81.862
792.403 497.658
396.881 776.314
499.457 823.354
897.782 357.864
179.298 284.372
896.892 119.107
351.099 513.150
401.041 198.325
638.168 370.452
100.474 508.805
3.919 395.934
496.096 722.940
575.161 390.085
200.285 62.616
868.306 391.001
274.751 253.620
267.351 198.850
969.623 543.713
451.029 282.278
889.437 141.288
390.876 10.457
823.047 934.127
962.457 398.821
532.001 274.338
143.883 635.486
236.081 265.565
9.395 954.736
668.086 50.059
680.571 506.264
479.587 294.281
684.293 81.107
424.820 833.413
253.720 623.137
159.427 6.615
99.337 728.415
845.026 702.710
558.844 395.362
116.430 1.955
375.434 930.362
678.661 332.660
280.338 49.383
963.750 492.509
951.611 66.095
628.957 241.833
153.534 14.254
979.558 146.322
937.629 425.604
813.990 830.246
722.458 360.252
555.158 522.924
339.056 47.395
188.925 237.723
941.304 86.355
333.891 121.464
930.715 985.322
160.814 876.766
145.726 196.543
393.850 151.793
978.528 217.648
871.397 215.710
225.895 208.649
402.430 873.617
798.123 764.240
350.849 698.778
748.319 916.071
251.667 193.638
130.601 504.905
234.162 929.213
595.847 80.053
320.695 664.427
506.764 85.353
387.556 540.346
293.140 786.341
985.956 513.571
14.957 429.789
227.200 98.741
449.027 798.501
649.572 583.741
100.549 169.283
123.590 56.804
544.667 566.014
606.362 24.225
888.292 73.018
331.832 545.157
923.569 140.276
459.561 778.163
681.665 842.791
71.472 366.413
974.652 30.310
505.905 378.988
